spawns: 
  default: 
    world: stronghold
    x: -3.5469984206897704
    y: 64.0
    z: 61.98100336161322
    yaw: 180.15002
    pitch: 0.30000213
